20
0	39	20	45	57	70	43	46	43	26	15	52	26	61	45	44	70	34	52	84	
39	0	50	54	22	64	45	45	34	65	37	52	48	27	59	28	35	18	64	69	
20	50	0	62	37	79	54	34	23	46	35	69	46	71	48	45	50	53	53	84	
45	54	62	0	32	48	61	55	50	71	55	60	44	66	25	82	45	72	75	62	
57	22	37	32	0	42	49	23	34	56	59	32	51	34	57	50	13	40	64	47	
70	64	79	48	42	0	61	65	75	86	55	22	44	47	57	36	41	46	55	14	
43	45	54	61	49	61	0	42	31	69	28	43	17	18	36	57	39	47	61	75	
46	45	34	55	23	65	42	0	11	51	42	55	53	57	36	60	36	50	41	65	
43	34	23	50	34	75	31	11	0	62	39	60	44	49	25	55	47	52	30	71	
26	65	46	71	56	86	69	51	62	0	41	64	52	66	57	70	45	60	68	100	
15	37	35	55	59	55	28	42	39	41	0	46	11	46	30	29	65	19	37	69	
52	52	69	60	32	22	43	55	60	64	46	0	54	25	35	28	19	38	77	36	
26	48	46	44	51	44	17	53	44	52	11	54	0	35	19	40	56	30	48	58	
61	27	71	66	34	47	18	57	49	66	46	25	35	0	42	53	21	45	79	61	
45	59	48	25	57	57	36	36	25	57	30	35	19	42	0	59	54	49	55	71	
44	28	45	82	50	36	57	60	55	70	29	28	40	53	59	0	47	10	66	50	
70	35	50	45	13	41	39	36	47	45	65	19	56	21	54	47	0	53	77	55	
34	18	53	72	40	46	47	50	52	60	19	38	30	45	49	10	53	0	56	60	
52	64	53	75	64	55	61	41	30	68	37	77	48	79	55	66	77	56	0	41	
84	69	84	62	47	14	75	65	71	100	69	36	58	61	71	50	55	60	41	0	
