15
0	44	53	21	61	49	28	44	36	36	58	62	91	48	10	
44	0	47	65	49	67	16	63	12	57	32	18	67	45	34	
53	47	0	32	35	76	44	77	37	64	15	65	92	70	62	
21	65	32	0	53	70	49	65	57	57	47	83	112	69	31	
61	49	35	53	0	62	33	53	61	29	44	67	94	41	51	
49	67	76	70	62	0	57	41	63	33	61	79	86	45	39	
28	16	44	49	33	57	0	52	28	44	47	34	83	56	18	
44	63	77	65	53	41	52	0	51	24	73	70	106	18	34	
36	12	37	57	61	63	28	51	0	45	22	30	55	33	43	
36	57	64	57	29	33	44	24	45	0	67	46	82	12	26	
58	32	15	47	44	61	47	73	22	67	0	50	77	55	65	
62	18	65	83	67	79	34	70	30	46	50	0	85	58	52	
91	67	92	112	94	86	83	106	55	82	77	85	0	88	98	
48	45	70	69	41	45	56	18	33	12	55	58	88	0	38	
10	34	62	31	51	39	18	34	43	26	65	52	98	38	0	
