15
0	39	52	58	39	56	40	46	48	78	30	33	82	64	50	
39	0	54	26	44	58	25	14	43	81	33	59	77	49	35	
52	54	0	40	13	15	29	43	57	54	22	52	82	53	39	
58	26	40	0	27	42	51	12	17	75	33	59	51	75	61	
39	44	13	27	0	28	42	30	44	48	35	65	76	62	52	
56	58	15	42	28	0	44	44	59	43	37	67	71	68	54	
40	25	29	51	42	44	0	39	68	83	51	73	102	24	10	
46	14	43	12	30	44	39	0	29	69	21	47	63	63	49	
48	43	57	17	44	59	68	29	0	62	50	76	34	92	78	
78	81	54	75	48	43	83	69	62	0	48	78	28	107	93	
30	33	22	33	35	37	51	21	50	48	0	30	76	75	61	
33	59	52	59	65	67	73	47	76	78	30	0	106	97	80	
82	77	82	51	76	71	102	63	34	28	76	106	0	126	112	
64	49	53	75	62	68	24	63	92	107	75	97	126	0	34	
50	35	39	61	52	54	10	49	78	93	61	80	112	34	0	
