10
0	74	13	37	67	31	24	59	44	28	
74	0	61	82	42	79	50	65	92	76	
13	61	0	24	54	18	11	46	31	15	
37	82	24	0	75	42	32	70	55	39	
67	42	54	75	0	37	43	51	53	52	
31	79	18	42	37	0	29	28	31	15	
24	50	11	32	43	29	0	57	42	26	
59	65	46	70	51	28	57	0	59	43	
44	92	31	55	53	31	42	59	0	16	
28	76	15	39	52	15	26	43	16	0	
