10
0	39	68	79	45	53	19	53	114	58	
39	0	54	50	16	49	20	14	115	29	
68	54	0	50	38	45	49	68	124	25	
79	50	50	0	47	80	70	36	159	60	
45	16	38	47	0	33	36	30	112	13	
53	49	45	80	33	0	34	63	79	20	
19	20	49	70	36	34	0	34	95	49	
53	14	68	36	30	63	34	0	129	43	
114	115	124	159	112	79	95	129	0	99	
58	29	25	60	13	20	49	43	99	0	
