10
0	74	13	51	85	90	43	50	97	59	
74	0	87	98	74	60	89	124	46	73	
13	87	0	50	91	77	30	37	84	46	
51	98	50	0	103	89	54	87	103	38	
85	74	91	103	0	14	77	124	28	78	
90	60	77	89	14	0	80	110	14	64	
43	89	30	54	77	80	0	67	94	16	
50	124	37	87	124	110	67	0	96	83	
97	46	84	103	28	14	94	96	0	78	
59	73	46	38	78	64	16	83	78	0	
