15
0	68	44	82	84	56	79	48	75	32	48	96	86	89	84	
68	0	54	62	78	12	35	54	56	58	83	52	45	44	16	
44	54	0	47	54	66	58	82	66	76	39	64	64	48	70	
82	62	47	0	16	57	34	66	28	50	55	17	17	44	46	
84	78	54	16	0	73	50	61	44	52	71	33	33	60	62	
56	12	66	57	73	0	23	42	68	58	81	40	57	33	28	
79	35	58	34	50	23	0	57	62	73	58	17	51	10	51	
48	54	82	66	61	42	57	0	94	16	68	68	83	67	70	
75	56	66	28	44	68	62	94	0	78	27	45	11	72	40	
32	58	76	50	52	58	73	16	78	0	52	67	67	83	74	
48	83	39	55	71	81	58	68	27	52	0	72	38	68	67	
96	52	64	17	33	40	17	68	45	67	72	0	34	27	63	
86	45	64	17	33	57	51	83	11	67	38	34	0	61	29	
89	44	48	44	60	33	10	67	72	83	68	27	61	0	60	
84	16	70	46	62	28	51	70	40	74	67	63	29	60	0	
