25
0	42	18	39	54	48	19	31	27	41	29	44	43	56	43	53	53	42	73	64	48	39	49	62	20	
42	0	24	39	23	42	42	33	51	44	28	13	45	55	65	37	56	39	52	33	16	43	43	69	57	
18	24	0	51	47	30	37	49	45	45	47	37	25	54	56	61	71	60	66	53	40	57	67	80	38	
39	39	51	0	16	49	57	65	12	34	35	50	42	62	81	38	66	27	45	50	55	57	34	60	35	
54	23	47	16	0	65	61	56	28	50	51	36	26	78	70	54	79	43	29	42	39	63	20	46	51	
48	42	30	49	65	0	46	58	55	15	27	42	54	47	70	41	47	70	82	23	58	49	45	71	68	
19	42	37	57	61	46	0	50	46	31	44	29	35	63	24	40	63	61	69	49	58	58	43	69	39	
31	33	49	65	56	58	50	0	53	47	32	46	59	59	66	70	23	68	44	66	17	10	65	39	51	
27	51	45	12	28	55	46	53	0	46	28	43	54	55	70	26	54	15	57	38	67	50	22	48	24	
41	44	45	34	50	15	31	47	46	0	42	31	63	32	55	26	32	61	71	38	60	41	60	63	61	
29	28	47	35	51	27	44	32	28	42	0	15	27	27	49	54	47	43	55	35	44	22	50	51	49	
44	13	37	50	36	42	29	46	43	31	15	0	32	42	53	50	62	52	40	20	29	37	42	66	64	
43	45	25	42	26	54	35	59	54	63	27	32	0	54	59	59	74	69	55	52	61	49	46	72	63	
56	55	54	62	78	47	63	59	55	32	27	42	54	0	76	58	64	70	82	62	71	49	77	57	60	
43	65	56	81	70	70	24	66	70	55	49	53	59	76	0	64	87	85	93	73	49	71	67	89	63	
53	37	61	38	54	41	40	70	26	26	54	50	59	58	64	0	58	38	76	64	53	67	48	66	50	
53	56	71	66	79	47	63	23	54	32	47	62	74	64	87	58	0	69	67	53	40	33	63	37	33	
42	39	60	27	43	70	61	68	15	61	43	52	69	70	85	38	69	0	72	53	55	65	37	63	39	
73	52	66	45	29	82	69	44	57	71	55	40	55	82	93	76	67	72	0	60	61	34	49	63	80	
64	33	53	50	42	23	49	66	38	38	35	20	52	62	73	64	53	53	60	0	49	57	22	48	62	
48	16	40	55	39	58	58	17	67	60	44	29	61	71	49	53	40	55	61	49	0	27	59	56	68	
39	43	57	57	63	49	58	10	50	41	22	37	49	49	71	67	33	65	34	57	27	0	55	29	59	
49	43	67	34	20	45	43	65	22	60	50	42	46	77	67	48	63	37	49	22	59	55	0	26	46	
62	69	80	60	46	71	69	39	48	63	51	66	72	57	89	66	37	63	63	48	56	29	26	0	42	
20	57	38	35	51	68	39	51	24	61	49	64	63	60	63	50	33	39	80	62	68	59	46	42	0	
