10
0	20	83	99	115	70	87	80	134	102	
20	0	97	80	95	89	107	60	114	122	
83	97	0	36	80	68	37	149	99	52	
99	80	36	0	44	32	73	113	63	82	
115	95	80	44	0	76	69	69	19	84	
70	89	68	32	76	0	65	145	95	50	
87	107	37	73	69	65	0	138	88	15	
80	60	149	113	69	145	138	0	88	153	
134	114	99	63	19	95	88	88	0	103	
102	122	52	82	84	50	15	153	103	0	
