25
0	27	47	24	65	56	95	67	29	62	86	59	82	78	70	35	56	70	37	69	60	60	19	75	71	
27	0	26	28	50	37	76	49	44	64	59	34	57	58	53	26	39	74	64	49	43	51	46	60	72	
47	26	0	40	24	45	54	56	18	40	65	49	44	32	27	52	13	52	50	23	61	37	66	34	55	
24	28	40	0	41	65	71	77	53	48	74	62	63	71	46	44	32	46	61	63	71	56	43	51	95	
65	50	24	41	0	52	40	68	42	21	57	72	49	30	51	76	37	76	71	47	37	61	48	10	58	
56	37	45	65	52	0	44	30	27	73	61	58	73	22	72	63	58	73	93	44	80	82	75	42	69	
95	76	54	71	40	44	0	45	71	61	17	60	37	22	54	102	67	45	103	73	77	91	87	42	90	
67	49	56	77	68	30	45	0	38	83	62	69	65	52	48	75	56	75	99	74	83	80	86	58	55	
29	44	18	53	42	27	71	38	0	58	83	31	54	49	45	64	31	70	66	41	79	55	48	52	42	
62	64	40	48	21	73	61	83	58	0	46	61	58	51	41	72	27	74	70	51	58	51	69	31	79	
86	59	65	74	57	61	17	62	83	46	0	54	31	39	48	85	52	28	95	57	94	76	93	59	89	
59	34	49	62	72	58	60	69	31	61	54	0	23	74	35	60	41	55	51	59	77	65	40	82	73	
82	57	44	63	49	73	37	65	54	58	31	23	0	51	17	80	31	59	74	36	86	55	63	59	68	
78	58	32	71	30	22	22	52	49	51	39	74	51	0	59	84	45	67	81	55	67	69	65	20	68	
70	53	27	46	51	72	54	48	45	41	48	35	17	59	0	63	14	67	57	38	86	38	75	61	51	
35	26	52	44	76	63	102	75	64	72	85	60	80	84	63	0	49	90	72	75	69	25	54	77	86	
56	39	13	32	37	58	67	56	31	27	52	41	31	45	14	49	0	60	43	36	72	24	75	47	65	
70	74	52	46	76	73	45	75	70	74	28	55	59	67	67	90	60	0	102	29	113	84	65	86	61	
37	64	50	61	71	93	103	99	66	70	95	51	74	81	57	72	43	102	0	73	97	67	56	61	105	
69	49	23	63	47	44	73	74	41	51	57	59	36	55	38	75	36	29	73	0	84	60	88	57	32	
60	43	61	71	37	80	77	83	79	58	94	77	86	67	86	69	72	113	97	84	0	94	71	47	95	
60	51	37	56	61	82	91	80	55	51	76	65	55	69	38	25	24	84	67	60	94	0	69	71	61	
19	46	66	43	48	75	87	86	48	69	93	40	63	65	75	54	75	65	56	88	71	69	0	58	90	
75	60	34	51	10	42	42	58	52	31	59	82	59	20	61	77	47	86	61	57	47	71	58	0	48	
71	72	55	95	58	69	90	55	42	79	89	73	68	68	51	86	65	61	105	32	95	61	90	48	0	
