15
0	37	69	63	35	35	15	56	76	26	64	51	10	85	91	
37	0	58	81	42	42	22	74	76	63	77	63	47	107	91	
69	58	0	34	43	73	63	50	87	86	86	61	61	105	72	
63	81	34	0	65	48	68	16	55	52	52	27	62	71	70	
35	42	43	65	0	30	20	49	79	61	75	51	45	95	94	
35	42	73	48	30	0	20	32	49	61	68	21	45	65	64	
15	22	63	68	20	20	0	52	69	41	55	41	25	85	84	
56	74	50	16	49	32	52	0	39	51	36	11	46	55	54	
76	76	87	55	79	49	69	39	0	50	38	28	85	51	15	
26	63	86	52	61	61	41	51	50	0	56	62	36	59	65	
64	77	86	52	75	68	55	36	38	56	0	47	54	81	53	
51	63	61	27	51	21	41	11	28	62	47	0	57	44	43	
10	47	61	62	45	45	25	46	85	36	54	57	0	95	100	
85	107	105	71	95	65	85	55	51	59	81	44	95	0	66	
91	91	72	70	94	64	84	54	15	65	53	43	100	66	0	
