25
0	58	48	56	63	37	13	63	52	49	23	47	63	75	72	49	37	54	48	39	52	52	54	68	79	
58	0	71	48	34	49	71	79	59	61	35	46	30	60	46	49	49	64	60	63	46	60	40	51	53	
48	71	0	62	57	46	58	76	70	65	60	56	41	77	51	58	65	69	53	32	78	92	51	77	76	
56	48	62	0	43	37	61	35	37	58	51	27	43	61	79	49	65	69	46	51	52	55	53	39	24	
63	34	57	43	0	61	50	55	65	50	52	70	64	62	79	49	38	61	62	75	47	50	55	82	19	
37	49	46	37	61	0	40	43	28	23	14	10	26	52	52	12	28	34	11	14	46	49	36	31	42	
13	71	58	61	50	40	0	59	39	59	36	34	50	62	83	52	50	67	47	26	39	53	58	71	67	
63	79	76	35	55	43	59	0	71	30	56	33	49	76	59	55	42	41	42	44	83	76	57	36	59	
52	59	70	37	65	28	39	71	0	45	42	38	29	24	50	16	36	56	33	42	40	26	19	59	46	
49	61	65	58	50	23	59	30	45	0	26	33	39	46	29	35	12	11	12	33	53	67	29	54	53	
23	35	60	51	52	14	36	56	42	26	0	24	40	66	55	26	14	37	25	28	60	63	31	45	56	
47	46	56	27	70	10	34	33	38	33	24	0	16	61	52	22	38	44	21	24	53	59	26	41	51	
63	30	41	43	64	26	50	49	29	39	40	16	0	45	36	38	27	39	37	40	37	51	10	57	65	
75	60	77	61	62	52	62	76	24	46	66	61	45	0	26	40	58	35	57	66	23	37	43	80	51	
72	46	51	79	79	52	83	59	50	29	55	52	36	26	0	64	41	18	41	62	49	44	37	63	75	
49	49	58	49	49	12	52	55	16	35	26	22	38	40	64	0	40	46	23	26	34	37	35	43	30	
37	49	65	65	38	28	50	42	36	12	14	38	27	58	41	40	0	23	24	42	64	62	17	59	57	
54	64	69	69	61	34	67	41	56	11	37	44	39	35	18	46	23	0	23	44	58	62	40	45	64	
48	60	53	46	62	11	47	42	33	12	25	21	37	57	41	23	24	23	0	21	57	59	41	42	53	
39	63	32	51	75	14	26	44	42	33	28	24	40	66	62	26	42	44	21	0	60	63	50	45	56	
52	46	78	52	47	46	39	83	40	53	60	53	37	23	49	34	64	58	57	60	0	14	47	68	28	
52	60	92	55	50	49	53	76	26	67	63	59	51	37	44	37	62	62	59	63	14	0	45	54	31	
54	40	51	53	55	36	58	57	19	29	31	26	10	43	37	35	17	40	41	50	47	45	0	67	65	
68	51	77	39	82	31	71	36	59	54	45	41	57	80	63	43	59	45	42	45	68	54	67	0	63	
79	53	76	24	19	42	67	59	46	53	56	51	65	51	75	30	57	64	53	56	28	31	65	63	0	
