25
0	36	68	50	58	35	45	58	56	73	19	22	37	43	58	58	54	36	58	35	60	67	48	27	60	
36	0	54	68	36	13	23	22	55	38	29	30	56	40	52	40	68	46	58	43	34	47	48	56	60	
68	54	0	31	44	41	31	48	72	32	51	51	31	56	47	61	43	34	12	38	36	55	22	70	34	
50	68	31	0	56	64	54	66	45	61	62	62	62	55	16	72	12	45	31	49	47	45	33	39	45	
58	36	44	56	0	23	13	20	28	36	39	40	54	50	71	40	58	42	52	53	28	11	42	57	54	
35	13	41	64	23	0	10	35	51	51	16	17	59	27	65	27	55	33	49	30	25	34	39	43	49	
45	23	31	54	13	10	0	33	41	49	26	27	49	37	70	31	45	41	39	40	15	24	29	53	41	
58	22	48	66	20	35	33	0	33	16	51	52	34	62	61	20	70	58	60	43	48	31	59	62	71	
56	55	72	45	28	51	41	33	0	49	65	68	67	45	61	53	37	48	68	74	56	17	58	29	67	
73	38	32	61	36	51	49	16	49	0	65	54	50	78	45	36	54	66	44	59	64	47	54	77	66	
19	29	51	62	39	16	26	51	65	65	0	33	56	43	77	43	50	17	39	45	41	48	29	46	41	
22	30	51	62	40	17	27	52	68	54	33	0	59	42	78	36	50	41	39	13	42	51	29	49	41	
37	56	31	62	54	59	49	34	67	50	56	59	0	48	60	54	70	65	43	69	48	65	53	64	65	
43	40	56	55	50	27	37	62	45	78	43	42	48	0	59	52	43	46	44	29	48	61	34	16	22	
58	52	47	16	71	65	70	61	61	45	77	78	60	59	0	81	28	61	47	65	63	60	49	55	37	
58	40	61	72	40	27	31	20	53	36	43	36	54	52	81	0	60	51	49	23	46	51	39	52	51	
54	68	43	12	58	55	45	70	37	54	50	50	70	43	28	60	0	33	31	37	35	54	21	27	33	
36	46	34	45	42	33	41	58	48	66	17	41	65	46	61	51	33	0	22	28	26	31	12	60	24	
58	58	12	31	52	49	39	60	68	44	39	39	43	44	47	49	31	22	0	26	24	53	10	58	22	
35	43	38	49	53	30	40	43	74	59	45	13	69	29	65	23	37	28	26	0	30	59	16	45	28	
60	34	36	47	28	25	15	48	56	64	41	42	48	48	63	46	35	26	24	30	0	39	14	62	26	
67	47	55	45	11	34	24	31	17	47	48	51	65	61	60	51	54	31	53	59	39	0	43	46	55	
48	48	22	33	42	39	29	59	58	54	29	29	53	34	49	39	21	12	10	16	14	43	0	48	12	
27	56	70	39	57	43	53	62	29	77	46	49	64	16	55	52	27	60	58	45	62	46	48	0	38	
60	60	34	45	54	49	41	71	67	66	41	41	65	22	37	51	33	24	22	28	26	55	12	38	0	
