20
0	40	29	63	61	75	45	97	55	34	71	76	77	72	55	92	41	94	39	77	
40	0	57	32	21	35	11	57	36	67	36	81	43	32	15	52	33	57	49	37	
29	57	0	75	78	92	68	86	66	63	92	47	89	89	72	89	70	114	68	94	
63	32	75	0	11	61	41	37	26	61	26	56	14	62	42	39	22	47	42	69	
61	21	78	11	0	56	32	48	15	50	15	65	25	53	36	50	33	36	31	58	
75	35	92	61	56	0	46	83	71	102	61	56	64	67	50	39	39	43	84	72	
45	11	68	41	32	46	0	68	42	56	47	70	54	43	26	63	22	68	58	48	
97	57	86	37	48	83	68	0	63	98	39	44	23	25	51	48	59	84	79	94	
55	36	66	26	15	71	42	63	0	65	26	50	40	68	50	65	48	51	16	73	
34	67	63	61	50	102	56	98	65	0	65	64	75	99	82	100	75	60	73	87	
71	36	92	26	15	61	47	39	26	65	0	58	16	64	35	41	48	51	42	73	
76	81	47	56	65	56	70	44	50	64	58	0	42	69	70	67	78	99	38	118	
77	43	89	14	25	64	54	23	40	75	16	42	0	48	28	25	36	61	56	80	
72	32	89	62	53	67	43	25	68	99	64	69	48	0	47	73	65	89	81	69	
55	15	72	42	36	50	26	51	50	82	35	70	28	47	0	37	46	72	34	52	
92	52	89	39	50	39	63	48	65	100	41	67	25	73	37	0	61	72	71	89	
41	33	70	22	33	39	22	59	48	75	48	78	36	65	46	61	0	69	64	70	
94	57	114	47	36	43	68	84	51	60	51	99	61	89	72	72	69	0	67	89	
39	49	68	42	31	84	58	79	16	73	42	38	56	81	34	71	64	67	0	86	
77	37	94	69	58	72	48	94	73	87	73	118	80	69	52	89	70	89	86	0	
