20
0	32	31	50	47	38	36	60	31	41	17	43	45	25	47	37	20	47	55	61	
32	0	29	49	37	45	23	42	21	33	15	41	13	27	49	39	30	37	62	65	
31	29	0	20	44	55	33	57	20	32	14	12	42	33	23	33	29	36	61	80	
50	49	20	0	64	75	53	77	40	52	34	32	62	37	43	49	49	56	72	100	
47	37	44	64	0	57	35	73	26	29	30	50	50	64	67	72	45	10	67	54	
38	45	55	75	57	0	22	51	55	57	41	45	57	62	43	50	56	67	17	99	
36	23	33	53	35	22	0	62	33	45	19	23	36	44	56	56	34	45	39	88	
60	42	57	77	73	51	62	0	57	69	43	69	55	69	80	81	58	73	68	107	
31	21	20	40	26	55	33	57	0	12	14	24	34	45	43	53	29	16	41	60	
41	33	32	52	29	57	45	69	12	0	26	36	46	57	55	64	21	28	53	72	
17	15	14	34	30	41	19	43	14	26	0	26	28	42	37	42	15	30	55	74	
43	41	12	32	50	45	23	69	24	36	26	0	54	21	35	33	41	40	62	84	
45	13	42	62	50	57	36	55	34	46	28	54	0	40	41	51	43	50	74	78	
25	27	33	37	64	62	44	69	45	57	42	21	40	0	22	12	41	61	45	86	
47	49	23	43	67	43	56	80	43	55	37	35	41	22	0	10	52	59	43	103	
37	39	33	49	72	50	56	81	53	64	42	33	51	12	10	0	43	69	33	98	
20	30	29	49	45	56	34	58	29	21	15	41	43	41	52	43	0	45	70	81	
47	37	36	56	10	67	45	73	16	28	30	40	50	61	59	69	45	0	57	44	
55	62	61	72	67	17	39	68	41	53	55	62	74	45	43	33	70	57	0	101	
61	65	80	100	54	99	88	107	60	72	74	84	78	86	103	98	81	44	101	0	
