25
0	59	65	34	40	56	73	62	21	45	63	54	75	48	49	74	38	37	73	77	87	84	61	69	79	
59	0	45	29	30	39	25	12	38	26	44	44	47	51	19	28	46	40	24	67	55	34	35	40	49	
65	45	0	55	25	60	45	33	44	37	55	20	21	30	64	53	55	38	22	58	45	53	10	60	60	
34	29	55	0	40	68	50	41	50	18	36	54	69	48	15	42	56	37	53	43	80	63	64	35	45	
40	30	25	40	0	49	48	22	19	22	40	14	35	24	49	42	69	32	34	72	63	44	24	63	74	
56	39	60	68	49	0	62	27	35	65	76	60	62	62	58	47	81	51	39	29	65	49	50	57	87	
73	25	45	50	48	62	0	35	52	41	59	47	24	47	44	53	40	36	25	61	43	13	37	15	61	
62	12	33	41	22	27	35	0	41	38	49	33	35	39	31	20	54	28	12	56	67	22	23	50	61	
21	38	44	50	19	35	52	41	0	35	53	33	54	27	57	53	59	16	53	64	66	63	43	67	87	
45	26	37	18	22	65	41	38	35	0	18	36	51	30	33	43	72	19	50	61	62	54	46	53	63	
63	44	55	36	40	76	59	49	53	18	0	54	61	48	51	29	83	37	61	49	44	71	64	71	81	
54	44	20	54	14	60	47	33	33	36	54	0	41	10	53	53	55	18	22	78	49	55	10	62	60	
75	47	21	69	35	62	24	35	54	51	61	41	0	51	59	32	64	54	43	37	36	37	31	39	51	
48	51	30	48	24	62	47	39	27	30	48	10	51	0	62	59	65	11	32	88	39	60	20	62	70	
49	19	64	15	49	58	44	31	57	33	51	53	59	62	0	27	65	51	43	58	74	53	54	50	30	
74	28	53	42	42	47	53	20	53	43	29	53	32	59	27	0	72	48	32	39	68	42	43	45	57	
38	46	55	56	69	81	40	54	59	72	83	55	64	65	65	72	0	73	57	63	83	53	45	55	83	
37	40	38	37	32	51	36	28	16	19	37	18	54	11	51	48	73	0	40	80	50	49	28	51	78	
73	24	22	53	34	39	25	12	53	50	61	22	43	32	43	32	57	40	0	68	67	34	12	40	62	
77	67	58	43	72	29	61	56	64	61	49	78	37	88	58	39	63	80	68	0	73	74	68	76	58	
87	55	45	80	63	65	43	67	66	62	44	49	36	39	74	68	83	50	67	73	0	56	55	58	87	
84	34	53	63	44	49	13	22	63	54	71	55	37	60	53	42	53	49	34	74	56	0	45	28	48	
61	35	10	64	24	50	37	23	43	46	64	10	31	20	54	43	45	28	12	68	55	45	0	52	50	
69	40	60	35	63	57	15	50	67	53	71	62	39	62	50	45	55	51	40	76	58	28	52	0	76	
79	49	60	45	74	87	61	61	87	63	81	60	51	70	30	57	83	78	62	58	87	48	50	76	0	
