82
0 1083 1154 683 599 775 75 227 1222 324 347 431 128 786 951 1160 307 116 461 531 1029 708 591 357 888 1255 1274 1262 1317 1359 1333 1001 845 808 101 65 25 794 144 90 114 379 1117 1140 851 1265 480 665 1071 1104 68 811 966 718 235 136 487 471 899 285 180 421 147 340 587 793 1378 984 630 1318 948 1295 1286 1016 1124 237 1401 261 1047 1129 1113 338 
1083 0 71 450 488 432 1096 856 476 824 1318 710 978 299 194 116 818 1032 623 553 90 410 517 772 221 175 238 187 269 302 253 99 276 361 982 1142 1093 370 975 1027 1008 729 224 184 243 278 629 418 203 120 1015 331 246 383 862 947 706 672 749 843 960 685 939 772 524 305 338 221 460 300 135 294 605 74 71 888 782 918 249 271 357 783 
1154 71 0 519 558 496 1166 927 484 895 1385 781 1049 368 255 99 890 1101 694 624 150 480 584 843 289 111 198 128 220 247 186 160 338 426 1053 1212 1164 436 1045 1097 1079 800 241 190 310 252 700 489 233 140 1086 398 298 450 933 1018 775 743 799 915 1031 756 1009 843 595 372 288 272 529 261 207 262 612 140 59 959 787 989 284 286 378 854 
683 450 519 0 218 115 714 460 558 386 974 269 563 227 280 498 388 662 276 232 374 43 291 338 230 603 600 604 645 688 678 399 334 125 585 746 687 111 606 647 590 305 435 463 291 584 203 155 391 436 618 131 284 262 448 548 255 228 453 413 533 261 551 346 97 274 702 303 226 639 322 615 646 402 510 461 795 479 364 446 436 353 
599 488 558 218 0 328 608 374 741 386 835 298 502 189 387 575 368 543 138 68 445 202 73 333 318 662 696 671 737 776 740 402 251 307 498 655 610 297 487 539 534 281 565 574 251 702 208 86 517 527 530 287 427 125 391 465 339 277 663 391 495 245 453 320 171 195 803 436 34 748 355 729 843 418 525 427 1001 472 510 590 608 336 
775 432 496 115 328 0 813 559 450 464 1079 348 651 288 241 453 472 764 390 347 346 127 401 421 219 563 539 560 585 629 633 406 391 73 681 840 777 67 710 747 676 397 362 400 337 512 300 255 323 389 713 109 217 349 540 644 311 306 370 496 615 356 651 435 205 340 636 242 332 570 324 543 533 401 500 545 680 552 286 363 337 438 
75 1096 1166 714 608 813 0 253 1262 377 283 475 186 797 974 1178 355 71 473 543 1047 735 591 403 909 1270 1295 1278 1338 1379 1348 1010 848 839 133 66 98 825 123 69 181 416 1145 1165 858 1290 513 681 1098 1125 105 840 995 722 276 170 537 513 959 336 244 456 163 382 617 799 1401 1011 638 1342 962 1320 1332 1027 1133 290 1453 324 1077 1159 1149 383 
227 856 927 460 374 559 253 0 1010 163 523 231 131 560 724 932 130 206 236 306 802 482 376 166 661 1027 1046 1034 1090 1131 1105 775 624 585 127 288 236 572 155 187 163 166 892 914 626 1039 259 438 846 877 159 587 742 497 57 91 302 266 738 125 145 204 91 138 364 570 1151 759 407 1091 721 1069 1083 790 898 110 1210 176 824 906 895 145 
1222 476 484 558 741 450 1262 1010 0 902 1530 791 1096 608 388 385 915 1215 832 780 415 550 805 864 451 453 346 431 374 403 472 542 665 439 1130 1287 1221 452 1161 1197 1118 845 252 295 605 274 751 656 283 356 1161 454 326 704 988 1092 740 750 490 938 1054 806 1101 881 653 650 373 328 732 319 496 291 129 517 534 987 306 985 256 205 138 883 
324 824 895 386 386 464 377 163 902 0 659 117 196 547 666 883 34 350 268 322 757 420 417 53 611 986 987 989 1032 1075 1062 756 632 506 245 389 321 493 308 323 216 105 819 849 617 969 196 421 776 823 271 518 669 510 111 211 163 159 584 42 152 143 235 69 301 571 1089 689 420 1025 690 1000 962 766 877 87 1077 93 746 825 800 51 
347 1318 1385 974 835 1079 283 523 1530 659 0 752 469 1022 1219 1411 636 316 712 777 1281 990 801 682 1150 1493 1532 1504 1573 1612 1571 1225 1052 1098 414 291 361 1085 369 338 460 689 1394 1408 1075 1535 779 916 1346 1363 388 1094 1247 935 555 449 818 789 1242 618 526 726 433 658 878 1013 1638 1261 860 1583 1189 1564 1606 1245 1345 573 1732 607 1330 1413 1411 661 
431 710 781 269 298 348 475 231 791 117 752 0 305 441 549 766 124 436 209 244 640 303 344 73 495 870 869 872 915 958 945 646 532 389 341 496 430 375 386 414 328 70 702 731 512 851 91 318 658 705 371 400 551 416 198 304 76 41 513 148 267 64 319 93 186 470 971 571 331 908 577 882 857 654 765 197 980 210 628 708 685 92 
128 978 1049 563 502 651 186 131 1096 196 469 305 0 685 836 1048 180 178 364 433 919 590 507 231 775 1146 1159 1152 1203 1245 1224 900 753 687 70 192 125 673 159 146 32 258 998 1024 752 1147 360 560 953 991 83 693 847 626 116 62 359 345 773 158 59 302 100 217 469 697 1263 866 535 1201 842 1177 1158 913 1023 109 1273 139 927 1008 989 213 
786 299 368 227 189 288 797 560 608 547 1022 441 685 0 225 389 535 733 325 255 261 185 223 493 157 473 513 483 552 590 551 215 107 229 685 844 797 226 676 728 716 445 399 399 71 525 352 125 352 345 718 193 281 98 570 651 456 408 658 560 672 403 641 488 261 52 619 282 161 567 167 551 723 230 338 601 893 638 357 432 469 501 
951 194 255 280 387 241 974 724 388 666 1219 549 836 225 0 218 665 916 506 441 105 246 439 616 70 326 323 325 367 409 399 194 277 173 851 1013 957 183 859 905 864 579 178 190 217 316 476 303 129 156 884 150 70 323 720 815 532 508 561 691 810 535 812 621 367 263 427 60 369 367 122 345 509 179 264 738 683 759 133 207 250 630 
1160 116 99 498 575 453 1178 932 385 883 1411 766 1048 389 218 0 881 1116 705 637 130 463 612 833 273 110 126 107 163 201 180 212 385 389 1059 1220 1167 401 1060 1109 1077 793 147 93 344 162 691 497 151 64 1092 368 239 481 932 1023 750 726 725 906 1025 749 1018 836 583 405 230 213 550 186 222 178 512 185 154 953 687 976 203 190 284 845 
307 818 890 388 368 472 355 130 915 34 636 124 180 535 665 881 0 323 244 302 753 419 394 51 608 983 988 986 1033 1075 1059 747 617 510 221 372 306 497 279 298 204 90 823 851 605 972 190 410 779 822 250 519 672 493 82 186 182 165 612 25 145 133 207 47 298 557 1090 691 402 1028 683 1003 979 758 869 73 1098 104 750 831 809 35 
116 1032 1101 662 543 764 71 206 1215 350 316 436 178 733 916 1116 323 0 411 479 986 680 523 367 850 1206 1235 1215 1277 1318 1284 944 780 786 110 135 141 773 56 33 185 372 1088 1106 793 1232 463 619 1041 1065 98 785 939 655 241 139 504 472 934 308 238 410 117 342 565 733 1341 954 572 1283 899 1262 1289 962 1067 268 1416 314 1022 1104 1098 346 
461 623 694 276 138 390 473 236 832 268 712 209 364 325 506 705 244 411 0 70 574 282 150 219 439 796 824 804 866 906 874 540 388 393 360 518 472 380 354 403 396 166 681 696 390 823 141 207 633 653 392 384 535 261 255 326 273 207 670 264 360 145 315 199 187 333 930 548 171 873 489 852 923 555 663 295 1069 346 619 701 706 216 
531 553 624 232 68 347 543 306 780 322 777 244 433 255 441 637 302 479 70 0 506 230 100 271 373 727 756 735 798 838 805 469 320 340 430 588 542 328 423 473 465 217 618 631 319 758 159 139 570 586 463 326 474 193 322 397 295 230 656 325 427 186 385 255 159 264 862 486 102 806 419 786 875 485 593 360 1027 407 558 640 650 271 
1029 90 150 374 445 346 1047 802 415 757 1281 640 919 261 105 130 753 986 574 506 0 337 485 706 145 229 251 233 292 331 305 127 273 276 929 1090 1037 286 929 978 948 665 167 146 223 267 563 367 132 85 961 249 155 356 803 893 630 601 659 779 897 621 887 708 456 282 358 131 421 306 99 291 543 103 162 825 720 850 170 211 286 718 
708 410 480 43 202 127 735 482 550 420 990 303 590 185 246 463 419 680 282 230 337 0 274 370 191 566 569 569 614 656 642 356 292 110 609 770 713 98 624 667 618 333 409 433 248 557 230 128 363 403 641 104 259 228 475 572 296 264 485 444 563 289 572 375 121 233 672 276 205 611 280 587 645 359 468 491 799 513 341 424 423 383 
591 517 584 291 73 401 591 376 805 417 801 344 507 223 439 612 394 523 150 100 485 274 0 367 369 692 736 703 775 813 770 424 256 376 492 644 605 366 468 523 539 314 617 621 273 748 260 151 569 569 523 353 485 134 402 462 395 330 736 415 509 285 444 349 241 212 842 491 73 791 389 774 910 444 545 445 1070 497 567 646 670 366 
357 772 843 338 333 421 403 166 864 53 682 73 231 493 616 833 51 367 219 271 706 370 367 0 560 935 938 938 983 1026 1011 703 579 460 269 422 357 446 320 344 255 53 773 801 564 922 143 368 729 773 299 469 621 457 127 233 136 114 572 75 195 90 250 32 249 517 1041 641 368 978 637 953 929 713 824 124 1050 145 700 780 758 21 
888 221 289 230 318 219 909 661 451 611 1150 495 775 157 70 273 608 850 439 373 145 191 369 560 0 375 385 378 429 470 450 187 222 146 788 949 895 153 793 840 804 520 248 257 160 384 418 234 200 216 821 112 125 255 659 751 485 456 569 634 752 476 748 563 310 198 491 125 299 433 105 413 569 182 284 680 740 705 200 277 313 573 
1255 175 111 603 662 563 1270 1027 453 986 1493 870 1146 473 326 110 983 1206 796 727 229 566 692 935 375 0 117 24 121 139 78 271 449 498 1154 1314 1264 509 1149 1200 1176 894 244 189 418 187 792 589 258 175 1187 475 350 558 1031 1119 857 831 830 1008 1126 850 1111 937 685 480 184 324 635 173 307 185 575 248 165 1054 743 1080 309 280 373 947 
1274 238 198 600 696 539 1295 1046 346 987 1532 869 1159 513 323 126 988 1235 824 756 251 569 736 938 385 117 0 92 45 89 127 337 511 483 1173 1335 1280 496 1178 1226 1187 902 182 139 470 72 799 616 216 170 1206 469 322 606 1043 1137 847 829 761 1013 1133 858 1134 944 690 531 106 299 672 63 347 68 464 311 258 1061 628 1080 258 203 288 952 
1262 187 128 604 671 560 1278 1034 431 989 1504 872 1152 483 325 107 986 1215 804 735 233 569 703 938 378 24 92 0 97 118 73 285 463 496 1161 1321 1270 508 1158 1208 1181 898 230 176 430 163 796 597 248 171 1193 475 344 570 1036 1125 857 833 818 1012 1130 854 1119 941 688 492 162 319 644 149 316 160 553 262 184 1058 719 1082 298 264 356 951 
1317 269 220 645 737 585 1338 1090 374 1032 1573 915 1203 552 367 163 1033 1277 866 798 292 614 775 983 429 121 45 97 0 43 101 369 545 529 1217 1378 1324 542 1220 1269 1232 947 227 185 506 102 844 658 262 213 1250 514 368 644 1087 1181 892 874 803 1058 1178 902 1177 989 735 568 69 345 713 59 386 83 486 343 279 1105 645 1125 304 246 328 997 
1359 302 247 688 776 629 1379 1131 403 1075 1612 958 1245 590 409 201 1075 1318 906 838 331 656 813 1026 470 139 89 118 43 0 93 401 579 572 1258 1420 1366 585 1261 1309 1274 989 270 228 542 138 886 698 305 254 1291 557 411 681 1129 1222 936 917 842 1101 1220 945 1218 1031 777 604 49 388 751 83 423 113 510 376 303 1148 663 1168 347 287 367 1040 
1333 253 186 678 740 633 1348 1105 472 1062 1571 945 1224 551 399 180 1059 1284 874 805 305 642 770 1011 450 78 127 73 101 93 0 347 525 569 1232 1392 1341 581 1228 1278 1254 971 295 243 496 198 869 667 318 244 1264 549 416 636 1108 1196 931 906 882 1084 1202 927 1189 1014 761 558 142 391 713 160 385 183 587 326 235 1130 747 1155 367 324 413 1023 
1001 99 160 399 402 406 1010 775 542 756 1225 646 900 215 194 212 747 944 540 469 127 356 424 703 187 271 337 285 369 401 347 0 177 333 900 1058 1011 339 888 940 931 657 293 264 151 372 560 339 259 198 932 298 262 290 785 866 650 610 752 772 886 614 855 700 461 212 438 243 372 398 82 391 670 27 123 815 848 849 295 338 413 712 
845 276 338 334 251 391 848 624 665 632 1052 532 753 107 277 385 617 780 388 320 273 292 256 579 222 449 511 463 545 579 525 177 0 328 745 899 858 327 725 779 785 528 433 419 61 538 442 215 390 357 777 290 345 127 642 713 555 503 761 640 747 489 698 569 361 63 614 337 217 571 175 560 786 202 293 678 960 721 408 473 527 583 
808 361 426 125 307 73 839 585 439 506 1098 389 687 229 173 389 510 786 393 340 276 110 376 460 146 498 483 496 529 572 569 333 328 0 710 871 811 13 731 772 713 429 312 344 271 462 328 225 269 325 743 39 162 303 573 673 363 347 434 535 655 386 676 469 221 281 583 183 304 519 251 493 536 328 428 584 693 598 240 321 313 475 
101 982 1053 585 498 681 133 127 1130 245 414 341 70 685 851 1059 221 110 360 430 929 609 492 269 788 1154 1173 1161 1217 1258 1232 900 745 710 0 161 113 697 90 80 86 284 1018 1041 750 1165 382 564 972 1004 32 713 868 618 142 37 404 380 829 203 128 325 49 248 489 693 1278 885 530 1218 847 1195 1198 915 1023 160 1319 203 949 1031 1018 249 
65 1142 1212 746 655 840 66 288 1287 389 291 496 192 844 1013 1220 372 135 518 588 1090 770 644 422 949 1314 1335 1321 1378 1420 1392 1058 899 871 161 0 71 857 180 123 176 443 1180 1202 907 1327 543 724 1134 1165 128 874 1029 773 299 198 552 536 961 350 243 485 202 405 650 849 1440 1047 686 1380 1007 1357 1351 1074 1181 302 1466 323 1111 1192 1177 403 
25 1093 1164 687 610 777 98 236 1221 321 361 430 125 797 957 1167 306 141 472 542 1037 713 605 357 895 1264 1280 1270 1324 1366 1341 1011 858 811 113 71 0 797 166 114 105 382 1122 1146 862 1270 483 675 1076 1111 82 816 971 731 238 145 484 471 890 283 172 425 161 342 592 805 1384 989 642 1324 957 1300 1283 1026 1135 234 1396 252 1051 1132 1114 338 
794 370 436 111 297 67 825 572 452 493 1085 375 673 226 183 401 497 773 380 328 286 98 366 446 153 509 496 508 542 585 581 339 327 13 697 857 797 0 717 758 700 415 326 357 271 475 314 215 283 337 729 41 175 297 559 659 351 334 434 521 642 372 662 456 208 278 596 196 294 532 258 506 547 335 436 570 704 585 253 335 326 462 
144 975 1045 606 487 710 123 155 1161 308 369 386 159 676 859 1060 279 56 354 423 929 624 468 320 793 1149 1178 1158 1220 1261 1228 888 725 731 90 180 166 717 0 57 176 321 1032 1049 737 1176 409 562 984 1008 96 728 883 600 197 105 456 421 890 266 215 356 73 293 509 677 1284 898 516 1226 842 1205 1237 905 1011 231 1366 284 966 1048 1043 299 
90 1027 1097 647 539 747 69 187 1197 323 338 414 146 728 905 1109 298 33 403 473 978 667 523 344 840 1200 1226 1208 1269 1309 1278 940 779 772 80 123 114 758 57 0 152 353 1076 1096 789 1222 447 611 1029 1056 65 772 927 653 217 112 480 451 908 281 206 391 96 320 550 730 1331 942 568 1273 893 1251 1270 957 1064 239 1394 283 1009 1091 1082 323 
114 1008 1079 590 534 676 181 163 1118 216 460 328 32 716 864 1077 204 185 396 465 948 618 539 255 804 1176 1187 1181 1232 1274 1254 931 785 713 86 176 105 700 176 152 0 285 1025 1052 783 1174 388 591 981 1020 87 720 874 658 145 90 379 370 785 180 67 329 126 244 497 729 1291 893 567 1229 872 1205 1178 944 1054 131 1290 147 954 1034 1013 238 
379 729 800 305 281 397 416 166 845 105 689 70 258 445 579 793 90 372 166 217 665 333 314 53 520 894 902 898 947 989 971 657 528 429 284 443 382 415 321 353 285 0 740 766 515 889 102 319 695 735 316 435 589 405 144 247 147 100 584 115 231 44 256 43 211 467 1005 608 315 943 593 919 917 668 778 159 1044 193 669 750 734 55 
1117 224 241 435 565 362 1145 892 252 819 1394 702 998 399 178 147 823 1088 681 618 167 409 617 773 248 244 182 230 227 270 295 293 433 312 1018 1180 1122 326 1032 1076 1025 740 0 55 378 149 638 480 48 105 1051 305 151 498 883 981 673 660 587 848 968 696 982 781 530 432 273 133 547 207 259 180 381 267 285 896 558 911 77 47 137 788 
1140 184 190 463 574 400 1165 914 295 849 1408 731 1024 399 190 93 851 1106 696 631 146 433 621 801 257 189 139 176 185 228 243 264 419 344 1041 1202 1146 357 1049 1096 1052 766 55 0 368 127 663 491 77 66 1074 331 183 496 908 1004 707 690 641 876 996 722 1002 808 554 425 239 160 553 177 245 155 424 237 238 924 600 942 123 97 190 816 
851 243 310 291 251 337 858 626 605 617 1075 512 752 71 217 344 605 793 390 319 223 248 273 564 160 418 470 430 506 542 496 151 61 271 750 907 862 271 737 789 783 515 378 368 0 490 423 196 333 309 782 232 283 139 638 716 526 479 706 630 741 474 704 558 332 61 574 277 220 527 124 514 726 170 274 670 899 709 349 416 467 571 
1265 278 252 584 702 512 1290 1039 274 969 1535 851 1147 525 316 162 972 1232 823 758 267 557 748 922 384 187 72 163 102 138 198 372 538 462 1165 1327 1270 475 1176 1222 1174 889 149 127 490 0 786 619 193 181 1198 453 300 622 1032 1129 822 810 705 997 1117 845 1128 930 678 549 127 281 680 60 366 31 391 344 311 1045 556 1060 225 154 229 937 
480 629 700 203 208 300 513 259 751 196 779 91 360 352 476 691 190 463 141 159 563 230 260 143 418 792 799 796 844 886 869 560 442 328 382 543 483 314 409 447 388 102 638 663 423 786 0 228 593 632 415 332 487 325 245 345 136 70 534 215 334 58 350 145 108 379 903 505 240 841 494 817 828 570 680 261 964 289 567 649 636 154 
665 418 489 155 86 255 681 438 656 421 916 318 560 125 303 497 410 619 207 139 367 128 151 368 234 589 616 597 658 698 667 339 215 225 564 724 675 215 562 611 591 319 480 491 196 619 228 0 432 446 597 202 341 112 446 529 340 288 608 434 546 278 521 362 148 152 723 350 78 666 282 647 759 352 462 475 919 513 424 505 522 375 
1071 203 233 391 517 323 1098 846 283 776 1346 658 953 352 129 151 779 1041 633 570 132 363 569 729 200 258 216 248 262 305 318 259 390 269 972 1134 1076 283 984 1029 981 695 48 77 333 193 593 432 0 93 1005 260 107 451 838 935 632 617 574 804 924 651 935 737 484 386 313 87 499 249 216 224 411 234 270 852 588 868 52 82 155 744 
1104 120 140 436 527 389 1125 877 356 823 1363 705 991 345 156 64 822 1065 653 586 85 403 569 773 216 175 170 171 213 254 244 198 357 325 1004 1165 1111 337 1008 1056 1020 735 105 66 309 181 632 446 93 0 1037 306 175 441 875 968 688 665 665 847 966 691 964 778 524 368 276 148 504 221 184 206 485 171 180 894 662 916 145 152 240 786 
68 1015 1086 618 530 713 105 159 1161 271 388 371 83 718 884 1092 250 98 392 463 961 641 523 299 821 1187 1206 1193 1250 1291 1264 932 777 743 32 128 82 729 96 65 87 316 1051 1074 782 1198 415 597 1005 1037 0 745 900 650 173 69 432 411 853 230 142 357 79 279 522 725 1311 918 562 1251 880 1228 1228 948 1056 185 1348 222 982 1064 1050 279 
811 331 398 131 287 109 840 587 454 518 1094 400 693 193 150 368 519 785 384 326 249 104 353 469 112 475 469 475 514 557 549 298 290 39 713 874 816 41 728 772 720 435 305 331 232 453 332 202 260 306 745 0 155 271 578 676 382 359 473 544 664 391 677 477 224 244 571 172 280 508 216 484 556 294 396 592 718 611 237 319 323 484 
966 246 298 284 427 217 995 742 326 669 1247 551 847 281 70 239 672 939 535 474 155 259 485 621 125 350 322 344 368 411 416 262 345 162 868 1029 971 175 883 927 874 589 151 183 283 300 487 341 107 175 900 155 0 378 732 831 524 509 503 697 817 545 832 630 379 324 421 26 413 357 192 331 443 245 318 745 616 760 83 165 188 637 
718 383 450 262 125 349 722 497 704 510 935 416 626 98 323 481 493 655 261 193 356 228 134 457 255 558 606 570 644 681 636 290 127 303 618 773 731 297 600 653 658 405 498 496 139 622 325 112 451 441 650 271 378 0 515 586 447 390 713 516 620 367 571 445 259 78 712 380 91 662 258 647 817 310 412 552 984 597 455 530 566 460 
235 862 933 448 391 540 276 57 988 111 555 198 116 570 720 932 82 241 255 322 803 475 402 127 659 1031 1043 1036 1087 1129 1108 785 642 573 142 299 238 559 197 217 145 144 883 908 638 1032 245 446 838 875 173 578 732 515 0 105 263 237 694 70 106 187 125 106 354 585 1147 751 425 1086 726 1062 1055 798 908 54 1177 120 813 894 878 106 
136 947 1018 548 465 644 170 91 1092 211 449 304 62 651 815 1023 186 139 326 397 893 572 462 233 751 1119 1137 1125 1181 1222 1196 866 713 673 37 198 145 659 105 112 90 247 981 1004 716 1129 345 529 935 968 69 676 831 586 105 0 368 343 795 168 110 288 38 211 452 660 1242 848 497 1182 812 1159 1161 881 989 128 1283 178 912 994 980 212 
487 706 775 255 339 311 537 302 740 163 818 76 359 456 532 750 182 504 273 295 630 296 395 136 485 857 847 857 892 936 931 650 555 363 404 552 484 351 456 480 379 147 673 707 526 822 136 340 632 688 432 382 524 447 263 368 0 66 437 202 314 135 387 163 194 492 945 547 369 880 576 853 798 655 764 250 915 244 597 674 642 157 
471 672 743 228 277 306 513 266 750 159 789 41 345 408 508 726 165 472 207 230 601 264 330 114 456 831 829 833 874 917 906 610 503 347 380 536 471 334 421 451 370 100 660 690 479 810 70 288 617 665 411 359 509 390 237 343 66 0 487 189 309 75 355 131 149 440 930 530 309 866 540 841 818 617 728 238 944 251 587 666 643 132 
899 749 799 453 663 370 959 738 490 584 1242 513 773 658 561 725 612 934 670 656 659 485 736 572 569 830 761 818 803 842 882 752 761 434 829 961 890 434 890 908 785 584 587 641 706 705 534 608 574 665 853 473 503 713 694 795 437 487 0 626 718 563 819 601 498 710 828 528 678 764 672 732 480 740 821 669 535 638 521 558 475 593 
285 843 915 413 391 496 336 125 938 42 618 148 158 560 691 906 25 308 264 325 779 444 415 75 634 1008 1013 1012 1058 1101 1084 772 640 535 203 350 283 521 266 281 180 115 848 876 630 997 215 434 804 847 230 544 697 516 70 168 202 189 626 0 120 158 193 72 323 581 1116 716 425 1053 708 1028 1000 783 894 49 1117 82 775 855 833 60 
180 960 1031 533 495 615 244 145 1054 152 526 267 59 672 810 1025 145 238 360 427 897 563 509 195 752 1126 1133 1130 1178 1220 1202 886 747 655 128 243 172 642 215 206 67 231 968 996 741 1117 334 546 924 966 142 664 817 620 106 110 314 309 718 120 0 275 149 188 442 689 1235 836 529 1173 824 1148 1113 898 1008 72 1224 80 895 975 951 180 
421 685 756 261 245 356 456 204 806 143 726 64 302 403 535 749 133 410 145 186 621 289 285 90 476 850 858 854 902 945 927 614 489 386 325 485 425 372 356 391 329 44 696 722 474 845 58 278 651 691 357 391 545 367 187 288 135 75 563 158 275 0 295 87 167 427 961 564 279 899 550 875 880 625 735 203 1011 235 626 707 692 98 
147 939 1009 551 453 651 163 91 1101 235 433 319 100 641 812 1018 207 117 315 385 887 572 444 250 748 1111 1134 1119 1177 1218 1189 855 698 676 49 202 161 662 73 96 126 256 982 1002 704 1128 350 521 935 964 79 677 832 571 125 38 387 355 819 193 149 295 0 225 454 647 1239 848 484 1180 804 1157 1173 871 978 158 1299 213 914 996 986 229 
340 772 843 346 320 435 382 138 881 69 658 93 217 488 621 836 47 342 199 255 708 375 349 32 563 937 944 941 989 1031 1014 700 569 469 248 405 342 456 293 320 244 43 781 808 558 930 145 362 737 778 279 477 630 445 106 211 163 131 601 72 188 87 225 0 254 509 1047 649 355 985 636 961 950 711 821 116 1074 152 710 791 772 17 
587 524 595 97 171 205 617 364 653 301 878 186 469 261 367 583 298 565 187 159 456 121 241 249 310 685 690 688 735 777 761 461 361 221 489 650 592 208 509 550 497 211 530 554 332 678 108 148 484 524 522 224 379 259 354 452 194 149 498 323 442 167 454 254 0 297 794 396 193 732 390 708 738 468 578 370 882 394 460 542 533 262 
793 305 372 274 195 340 799 570 650 571 1013 470 697 52 263 405 557 733 333 264 282 233 212 517 198 480 531 492 568 604 558 212 63 281 693 849 805 278 677 730 729 467 432 425 61 549 379 152 386 368 725 244 324 78 585 660 492 440 710 581 689 427 647 509 297 0 636 322 163 588 183 574 767 232 334 620 938 661 396 467 511 523 
1378 338 288 702 803 636 1401 1151 373 1089 1638 971 1263 619 427 230 1090 1341 930 862 358 672 842 1041 491 184 106 162 69 49 142 438 614 583 1278 1440 1384 596 1284 1331 1291 1005 273 239 574 127 903 723 313 276 1311 571 421 712 1147 1242 945 930 828 1116 1235 961 1239 1047 794 636 0 399 779 66 453 97 474 412 346 1163 622 1181 350 282 353 1055 
984 221 272 303 436 242 1011 759 328 689 1261 571 866 282 60 213 691 954 548 486 131 276 491 641 125 324 299 319 345 388 391 243 337 183 885 1047 989 196 898 942 893 608 133 160 277 281 505 350 87 148 918 172 26 380 751 848 547 530 528 716 836 564 848 649 396 322 399 0 420 336 177 311 449 224 293 765 623 781 75 154 190 656 
630 460 529 226 34 332 638 407 732 420 860 331 535 161 369 550 402 572 171 102 421 205 73 368 299 635 672 644 713 751 713 372 217 304 530 686 642 294 516 568 567 315 547 553 220 680 240 78 499 504 562 280 413 91 425 497 369 309 678 425 529 279 484 355 193 163 779 420 0 725 328 708 837 389 495 461 998 507 495 574 597 370 
1318 300 261 639 748 570 1342 1091 319 1025 1583 908 1201 567 367 186 1028 1283 873 806 306 611 791 978 433 173 63 149 59 83 160 398 571 519 1218 1380 1324 532 1226 1273 1229 943 207 177 527 60 841 666 249 221 1251 508 357 662 1086 1182 880 866 764 1053 1173 899 1180 985 732 588 66 336 725 0 404 31 428 372 321 1101 586 1117 284 215 288 993 
948 135 207 322 355 324 962 721 496 690 1189 577 842 167 122 222 683 899 489 419 99 280 389 637 105 307 347 316 386 423 385 82 175 251 847 1007 957 258 842 893 872 593 259 245 124 366 494 282 216 184 880 216 192 258 726 812 576 540 672 708 824 550 804 636 390 183 453 177 328 404 0 390 621 79 188 752 797 783 241 299 361 648 
1295 294 262 615 729 543 1320 1069 291 1000 1564 882 1177 551 345 178 1003 1262 852 786 291 587 774 953 413 185 68 160 83 113 183 391 560 493 1195 1357 1300 506 1205 1251 1205 919 180 155 514 31 817 647 224 206 1228 484 331 647 1062 1159 853 841 732 1028 1148 875 1157 961 708 574 97 311 708 31 390 0 403 363 322 1076 564 1091 256 185 256 968 
1286 605 612 646 843 533 1332 1083 129 962 1606 857 1158 723 509 512 979 1289 923 875 543 645 910 929 569 575 464 553 486 510 587 670 786 536 1198 1351 1283 547 1237 1270 1178 917 381 424 726 391 828 759 411 485 1228 556 443 817 1055 1161 798 818 480 1000 1113 880 1173 950 738 767 474 449 837 428 621 403 0 645 663 1049 177 1039 380 334 260 949 
1016 74 140 402 418 401 1027 790 517 766 1245 654 913 230 179 185 758 962 555 485 103 359 444 713 182 248 311 262 343 376 326 27 202 328 915 1074 1026 335 905 957 944 668 267 237 170 344 570 352 234 171 948 294 245 310 798 881 655 617 740 783 898 625 871 711 468 232 412 224 389 372 79 363 645 0 110 826 823 859 272 313 389 723 
1124 71 59 510 525 500 1133 898 534 877 1345 765 1023 338 264 154 869 1067 663 593 162 468 545 824 284 165 258 184 279 303 235 123 293 428 1023 1181 1135 436 1011 1064 1054 778 285 238 274 311 680 462 270 180 1056 396 318 412 908 989 764 728 821 894 1008 735 978 821 578 334 346 293 495 321 188 322 663 110 0 937 838 970 318 332 421 833 
237 888 959 461 427 545 290 110 987 87 573 197 109 601 738 953 73 268 295 360 825 491 445 124 680 1054 1061 1058 1105 1148 1130 815 678 584 160 302 234 570 231 239 131 159 896 924 670 1045 261 475 852 894 185 592 745 552 54 128 250 238 669 49 72 203 158 116 370 620 1163 765 461 1101 752 1076 1049 826 937 0 1164 66 824 904 882 108 
1401 782 787 795 1001 680 1453 1210 306 1077 1732 980 1273 893 683 687 1098 1416 1069 1027 720 799 1070 1050 740 743 628 719 645 663 747 848 960 693 1319 1466 1396 704 1366 1394 1290 1044 558 600 899 556 964 919 588 662 1348 718 616 984 1177 1283 915 944 535 1117 1224 1011 1299 1074 882 938 622 623 998 586 797 564 177 823 838 1164 0 1146 556 511 436 1071 
261 918 989 479 472 552 324 176 985 93 607 210 139 638 759 976 104 314 346 407 850 513 497 145 705 1080 1080 1082 1125 1168 1155 849 721 598 203 323 252 585 284 283 147 193 911 942 709 1060 289 513 868 916 222 611 760 597 120 178 244 251 638 82 80 235 213 152 394 661 1181 781 507 1117 783 1091 1039 859 970 66 1146 0 836 915 886 137 
1047 249 284 364 510 286 1077 824 256 746 1330 628 927 357 133 203 750 1022 619 558 170 341 567 700 200 309 258 298 304 347 367 295 408 240 949 1111 1051 253 966 1009 954 669 77 123 349 225 567 424 52 145 982 237 83 455 813 912 597 587 521 775 895 626 914 710 460 396 350 75 495 284 241 256 380 272 318 824 556 836 0 82 120 716 
1129 271 286 446 590 363 1159 906 205 825 1413 708 1008 432 207 190 831 1104 701 640 211 424 646 780 277 280 203 264 246 287 324 338 473 321 1031 1192 1132 335 1048 1091 1034 750 47 97 416 154 649 505 82 152 1064 319 165 530 894 994 674 666 558 855 975 707 996 791 542 467 282 154 574 215 299 185 334 313 332 904 511 915 82 0 93 796 
1113 357 378 436 608 337 1149 895 138 800 1411 685 989 469 250 284 809 1098 706 650 286 423 670 758 313 373 288 356 328 367 413 413 527 313 1018 1177 1114 326 1043 1082 1013 734 137 190 467 229 636 522 155 240 1050 323 188 566 878 980 642 643 475 833 951 692 986 772 533 511 353 190 597 288 361 256 260 389 421 882 436 886 120 93 0 776 
338 783 854 353 336 438 383 145 883 51 661 92 213 501 630 845 35 346 216 271 718 383 366 21 573 947 952 951 997 1040 1023 712 583 475 249 403 338 462 299 323 238 55 788 816 571 937 154 375 744 786 279 484 637 460 106 212 157 132 593 60 180 98 229 17 262 523 1055 656 370 993 648 968 949 723 833 108 1071 137 716 796 776 0 
